  -1.7632095e+01
   1.9660789e+01
  -4.6463228e+01
   2.4068612e+01
  -8.2825787e+00
  -3.4173138e+00
  -5.7227569e+00
  -4.2095760e+01
  -1.1248524e+00
   8.4486518e-01
  -2.7188639e+01
  -1.2521370e+01
   3.6191213e+01
   1.0158496e+01
   1.5623210e+01
   2.2406990e+01
   2.4867680e+01
   1.4176293e+01
   1.8360737e+01
  -4.5638576e+01
   1.0435649e+01
   2.3015844e+01
   2.0117434e+00
  -4.2108203e+01
  -8.1008826e-01
  -8.5226445e+00
  -1.7767409e+01
  -1.5801550e+00
   1.3784127e+01
  -3.4163959e+01
  -2.4180363e+01
   6.5152975e+00
  -1.9980792e+01
   1.1501360e+01
   3.0238638e+00
  -6.1184773e+00
  -3.2142931e+01
  -4.9862369e+00
   3.0428792e+00
   1.4712921e+01
   9.5621299e+00
   6.5134381e+00
  -5.9685886e+00
   1.1683983e+01
   7.0922357e+00
   1.8306506e+01
  -2.1610655e+00
  -3.3631051e+00
  -8.0675564e+00
   3.1420056e+01
  -8.1773431e+00
  -3.6852767e+01
   2.8269157e+01
   4.5599376e+00
   2.9035042e+00
   3.8822731e+01
  -1.3840061e+01
  -1.9358105e+01
  -2.7304546e+01
   2.2821972e+00
  -1.9575480e+01
   7.2626339e+00
   1.7902095e+01
   2.2857104e+01
  -1.0487459e+01
   3.2695678e+01
   4.3431160e+00
  -1.2068306e+01
  -5.6926625e+00
  -2.5821332e-01
  -1.1260472e+01
  -1.6726945e+01
   1.1227526e+01
   2.0196895e+01
  -5.8778390e+00
  -2.0397123e+01
  -3.7088640e+00
  -2.3437234e+01
  -1.6914376e+01
   2.4080034e+01
  -1.9161651e+01
   2.0405546e+01
   2.0763576e+00
  -1.2766912e-01
   1.8156911e+01
   2.9977131e+00
   4.3881676e-01
  -5.7295098e+01
  -1.2778192e+01
   3.7523278e-01
   1.0230511e+01
   9.8674757e+00
   1.6405834e+01
   1.7671920e+01
   1.1655416e+01
  -1.3301642e+00
  -1.0237702e+01
   7.3476527e+00
  -1.5626800e+01
  -1.2721361e+01
  -9.7443074e+00
  -9.0375506e+00
   4.9624308e+00
   1.6000217e+01
   1.2978246e+01
   1.0143764e+01
   1.6870939e+01
  -8.5066799e+00
  -1.4530141e+01
  -8.7695657e+00
   1.1598710e+01
   2.6280199e+01
   5.5650214e+00
   6.4319244e+00
   2.6025329e+01
  -1.9168837e+01
   6.0126886e+00
  -1.6227623e+01
  -2.0869576e+01
  -2.0323409e+01
